1 Q0 87053583 1
1 Q0 87056458 1
1 Q0 87056800 1
1 Q0 87058606 1
1 Q0 87058934 1
1 Q0 87058935 1
1 Q0 87058948 1
1 Q0 87058987 1
1 Q0 87059023 1
1 Q0 87059044 1
1 Q0 87069933 1
1 Q0 87073661 1
1 Q0 87083800 1
1 Q0 87083934 1
1 Q0 87083966 1
1 Q0 87084762 1
1 Q0 87084785 1
1 Q0 87105275 1
1 Q0 87105308 1
1 Q0 87105334 1
1 Q0 87105350 1
1 Q0 87110614 1
1 Q0 87110628 1
1 Q0 87110665 1
1 Q0 87110720 1
1 Q0 87110721 1
1 Q0 87110723 1
1 Q0 87110803 1
1 Q0 87112135 1
1 Q0 87112171 1
1 Q0 87112216 1
1 Q0 87124464 1
1 Q0 87136071 1
1 Q0 87136075 1
1 Q0 87138339 1
1 Q0 87139231 1
1 Q0 87147185 1
1 Q0 87147199 1
1 Q0 87147225 1
1 Q0 87147273 1
1 Q0 87161580 1
1 Q0 87161583 1
1 Q0 87161599 1
1 Q0 87163616 1
1 Q0 87167563 1
1 Q0 87167633 1
1 Q0 87169261 1
1 Q0 87173014 1
1 Q0 87175536 1
1 Q0 87185850 1
1 Q0 87195432 1
1 Q0 87196360 1
1 Q0 87196383 1
1 Q0 87196402 1
1 Q0 87196547 1
1 Q0 87198170 1
1 Q0 87198217 1
1 Q0 87198220 1
1 Q0 87201942 1
1 Q0 87201965 1
1 Q0 87204120 1
1 Q0 87222918 1
1 Q0 87223995 1
1 Q0 87224036 1
1 Q0 87224041 1
1 Q0 87224103 1
1 Q0 87224147 1
1 Q0 87231878 1
1 Q0 87239702 1
1 Q0 87244726 1
1 Q0 87249104 1
1 Q0 87251387 1
1 Q0 87252208 1
1 Q0 87252267 1
1 Q0 87252346 1
1 Q0 87253890 1
1 Q0 87263432 1
1 Q0 87278454 1
1 Q0 87280697 1
1 Q0 87281659 1
1 Q0 87283376 1
1 Q0 87297018 1
1 Q0 87300143 1
1 Q0 87302095 1
1 Q0 87307802 1
1 Q0 87309781 1
1 Q0 87309793 1
1 Q0 87320482 1
1 Q0 87320483 1
1 Q0 87323478 1
2 Q0 87049102 1
2 Q0 87052080 1
2 Q0 87052095 1
2 Q0 87056792 1
2 Q0 87056798 1
2 Q0 87056803 1
2 Q0 87064927 1
2 Q0 87064953 1
2 Q0 87067924 1
2 Q0 87068297 1
2 Q0 87068465 1
2 Q0 87070034 1
2 Q0 87070089 1
2 Q0 87070322 1
2 Q0 87071389 1
2 Q0 87073216 1
2 Q0 87073365 1
2 Q0 87073967 1
2 Q0 87073968 1
2 Q0 87073977 1
2 Q0 87074372 1
2 Q0 87075094 1
2 Q0 87075112 1
2 Q0 87076278 1
2 Q0 87077282 1
2 Q0 87079638 1
2 Q0 87085856 1
2 Q0 87086988 1
2 Q0 87088660 1
2 Q0 87093755 1
2 Q0 87096911 1
2 Q0 87097071 1
2 Q0 87097738 1
2 Q0 87098007 1
2 Q0 87098257 1
2 Q0 87098287 1
2 Q0 87098306 1
2 Q0 87098850 1
2 Q0 87098925 1
2 Q0 87099322 1
2 Q0 87099328 1
2 Q0 87100873 1
2 Q0 87101806 1
2 Q0 87101928 1
2 Q0 87102379 1
2 Q0 87104967 1
2 Q0 87110489 1
2 Q0 87110817 1
2 Q0 87118551 1
2 Q0 87120836 1
2 Q0 87125522 1
2 Q0 87125869 1
2 Q0 87127413 1
2 Q0 87127415 1
2 Q0 87127425 1
2 Q0 87129946 1
2 Q0 87132812 1
2 Q0 87142918 1
2 Q0 87143343 1
2 Q0 87146155 1
2 Q0 87146837 1
2 Q0 87147634 1
2 Q0 87153404 1
2 Q0 87153406 1
2 Q0 87153649 1
2 Q0 87154621 1
2 Q0 87154628 1
2 Q0 87155935 1
2 Q0 87157530 1
2 Q0 87157531 1
2 Q0 87157532 1
2 Q0 87158465 1
2 Q0 87163236 1
2 Q0 87165525 1
2 Q0 87165612 1
2 Q0 87168248 1
2 Q0 87169501 1
2 Q0 87176397 1
2 Q0 87176399 1
2 Q0 87182735 1
2 Q0 87185314 1
2 Q0 87185323 1
2 Q0 87186179 1
2 Q0 87189502 1
2 Q0 87189549 1
2 Q0 87191659 1
2 Q0 87195273 1
2 Q0 87195774 1
2 Q0 87197116 1
2 Q0 87201954 1
2 Q0 87202762 1
2 Q0 87203220 1
2 Q0 87205795 1
2 Q0 87206624 1
2 Q0 87209519 1
2 Q0 87209527 1
2 Q0 87210276 1
2 Q0 87210369 1
2 Q0 87210820 1
2 Q0 87211419 1
2 Q0 87211448 1
2 Q0 87212183 1
2 Q0 87212520 1
2 Q0 87212522 1
2 Q0 87214826 1
2 Q0 87214940 1
2 Q0 87216666 1
2 Q0 87223323 1
2 Q0 87227544 1
2 Q0 87227693 1
2 Q0 87230720 1
2 Q0 87232739 1
2 Q0 87234788 1
2 Q0 87234898 1
2 Q0 87234907 1
2 Q0 87239133 1
2 Q0 87239513 1
2 Q0 87240461 1
2 Q0 87240761 1
2 Q0 87245614 1
2 Q0 87245651 1
2 Q0 87245974 1
2 Q0 87250116 1
2 Q0 87250117 1
2 Q0 87252974 1
2 Q0 87254553 1
2 Q0 87261453 1
2 Q0 87261914 1
2 Q0 87267118 1
2 Q0 87267675 1
2 Q0 87267764 1
2 Q0 87268631 1
2 Q0 87268928 1
2 Q0 87269860 1
2 Q0 87271411 1
2 Q0 87279679 1
2 Q0 87279692 1
2 Q0 87283998 1
2 Q0 87285837 1
2 Q0 87287128 1
2 Q0 87290547 1
2 Q0 87295610 1
2 Q0 87296099 1
2 Q0 87296167 1
2 Q0 87296811 1
2 Q0 87297631 1
2 Q0 87300404 1
2 Q0 87300467 1
2 Q0 87303549 1
2 Q0 87304912 1
2 Q0 87305373 1
2 Q0 87307798 1
2 Q0 87307813 1
2 Q0 87318632 1
2 Q0 87318633 1
2 Q0 87320044 1
2 Q0 87320050 1
2 Q0 87320052 1
2 Q0 87323147 1
2 Q0 87324025 1
2 Q0 87325281 1
3 Q0 87050684 1
3 Q0 87062586 1
3 Q0 87063108 1
3 Q0 87067006 1
3 Q0 87077348 1
3 Q0 87114435 1
3 Q0 87114586 1
3 Q0 87127081 1
3 Q0 87135002 1
3 Q0 87146808 1
3 Q0 87153302 1
3 Q0 87154627 1
3 Q0 87171940 1
3 Q0 87186101 1
3 Q0 87200508 1
3 Q0 87209795 1
3 Q0 87210820 1
3 Q0 87214840 1
3 Q0 87214899 1
3 Q0 87239583 1
3 Q0 87240559 1
3 Q0 87260491 1
3 Q0 87267888 1
3 Q0 87284013 1
3 Q0 87311515 1
4 Q0 87049093 1
4 Q0 87053531 1
4 Q0 87061113 1
4 Q0 87070018 1
4 Q0 87070312 1
4 Q0 87073071 1
4 Q0 87073348 1
4 Q0 87073975 1
4 Q0 87073976 1
4 Q0 87079401 1
4 Q0 87084019 1
4 Q0 87086845 1
4 Q0 87086864 1
4 Q0 87094382 1
4 Q0 87094564 1
4 Q0 87098124 1
4 Q0 87101863 1
4 Q0 87109419 1
4 Q0 87112804 1
4 Q0 87112805 1
4 Q0 87112814 1
4 Q0 87127081 1
4 Q0 87132500 1
4 Q0 87139874 1
4 Q0 87139875 1
4 Q0 87149578 1
4 Q0 87156986 1
4 Q0 87169844 1
4 Q0 87169847 1
4 Q0 87189108 1
4 Q0 87189173 1
4 Q0 87198776 1
4 Q0 87198782 1
4 Q0 87198798 1
4 Q0 87198820 1
4 Q0 87210026 1
4 Q0 87210031 1
4 Q0 87211328 1
4 Q0 87211419 1
4 Q0 87212521 1
4 Q0 87218102 1
4 Q0 87234826 1
4 Q0 87234841 1
4 Q0 87236433 1
4 Q0 87239136 1
4 Q0 87254293 1
4 Q0 87260491 1
4 Q0 87261914 1
4 Q0 87275114 1
4 Q0 87284013 1
4 Q0 87299562 1
4 Q0 87319818 1
4 Q0 87324516 1
5 Q0 87066514 1
5 Q0 87073036 1
5 Q0 87073244 1
5 Q0 87073441 1
5 Q0 87074485 1
5 Q0 87074991 1
5 Q0 87077726 1
5 Q0 87080242 1
5 Q0 87085838 1
5 Q0 87090938 1
5 Q0 87090939 1
5 Q0 87096801 1
5 Q0 87100866 1
5 Q0 87100868 1
5 Q0 87102256 1
5 Q0 87116782 1
5 Q0 87118719 1
5 Q0 87125419 1
5 Q0 87131872 1
5 Q0 87131873 1
5 Q0 87138405 1
5 Q0 87139423 1
5 Q0 87143306 1
5 Q0 87143471 1
5 Q0 87145410 1
5 Q0 87145461 1
5 Q0 87153545 1
5 Q0 87155418 1
5 Q0 87158204 1
5 Q0 87171672 1
5 Q0 87176310 1
5 Q0 87176405 1
5 Q0 87181672 1
5 Q0 87186921 1
5 Q0 87200454 1
5 Q0 87210405 1
5 Q0 87210414 1
5 Q0 87210694 1
5 Q0 87210822 1
5 Q0 87228659 1
5 Q0 87238755 1
5 Q0 87254637 1
5 Q0 87256577 1
5 Q0 87259276 1
5 Q0 87267878 1
5 Q0 87267899 1
5 Q0 87269759 1
5 Q0 87270271 1
5 Q0 87274426 1
5 Q0 87274432 1
5 Q0 87274433 1
5 Q0 87285853 1
5 Q0 87295950 1
5 Q0 87296175 1
5 Q0 87296449 1
5 Q0 87300616 1
5 Q0 87302578 1
5 Q0 87316722 1
5 Q0 87323132 1
6 Q0 87053721 1
6 Q0 87053722 1
6 Q0 87061286 1
6 Q0 87065857 1
6 Q0 87074232 1
6 Q0 87076271 1
6 Q0 87086018 1
6 Q0 87088705 1
6 Q0 87089362 1
6 Q0 87096801 1
6 Q0 87097549 1
6 Q0 87101920 1
6 Q0 87109983 1
6 Q0 87114361 1
6 Q0 87115376 1
6 Q0 87124565 1
6 Q0 87124704 1
6 Q0 87129537 1
6 Q0 87129630 1
6 Q0 87138633 1
6 Q0 87141480 1
6 Q0 87142470 1
6 Q0 87143422 1
6 Q0 87146072 1
6 Q0 87146108 1
6 Q0 87155228 1
6 Q0 87157341 1
6 Q0 87158180 1
6 Q0 87178191 1
6 Q0 87182261 1
6 Q0 87185077 1
6 Q0 87202741 1
6 Q0 87227829 1
6 Q0 87238788 1
6 Q0 87253262 1
6 Q0 87253628 1
6 Q0 87253645 1
6 Q0 87254605 1
6 Q0 87256653 1
6 Q0 87268241 1
6 Q0 87280902 1
6 Q0 87287112 1
6 Q0 87315440 1
6 Q0 87316718 1
7 Q0 87049270 1
7 Q0 87050603 1
7 Q0 87058931 1
7 Q0 87066271 1
7 Q0 87073437 1
7 Q0 87084011 1
7 Q0 87087701 1
7 Q0 87097123 1
7 Q0 87121456 1
7 Q0 87121468 1
7 Q0 87121471 1
7 Q0 87121472 1
7 Q0 87124627 1
7 Q0 87129525 1
7 Q0 87150260 1
7 Q0 87155838 1
7 Q0 87193856 1
7 Q0 87196585 1
7 Q0 87209914 1
7 Q0 87214535 1
7 Q0 87230079 1
7 Q0 87230387 1
7 Q0 87235623 1
7 Q0 87235643 1
7 Q0 87242931 1
7 Q0 87243170 1
7 Q0 87243885 1
7 Q0 87254481 1
7 Q0 87264737 1
7 Q0 87267454 1
7 Q0 87267624 1
7 Q0 87267625 1
7 Q0 87282221 1
7 Q0 87293295 1
7 Q0 87312720 1
7 Q0 87315242 1
7 Q0 87320528 1
7 Q0 87320529 1
8 Q0 87054743 1
8 Q0 87097495 1
8 Q0 87131878 1
8 Q0 87131879 1
8 Q0 87131880 1
8 Q0 87131881 1
8 Q0 87131882 1
8 Q0 87131884 1
8 Q0 87131885 1
8 Q0 87131886 1
8 Q0 87141024 1
8 Q0 87153541 1
8 Q0 87169516 1
8 Q0 87198514 1
8 Q0 87210360 1
8 Q0 87254066 1
8 Q0 87270898 1
8 Q0 87283604 1
8 Q0 87296193 1
8 Q0 87298647 1
8 Q0 87299571 1
8 Q0 87300617 1
8 Q0 87304900 1
8 Q0 87304915 1
8 Q0 87304916 1
8 Q0 87314096 1
8 Q0 87316263 1
8 Q0 87323235 1
8 Q0 87323417 1
9 Q0 87065056 1
9 Q0 87066032 1
9 Q0 87073346 1
9 Q0 87074102 1
9 Q0 87090947 1
9 Q0 87093753 1
9 Q0 87097509 1
9 Q0 87097691 1
9 Q0 87104192 1
9 Q0 87112435 1
9 Q0 87115693 1
9 Q0 87143389 1
9 Q0 87146130 1
9 Q0 87153615 1
9 Q0 87154277 1
9 Q0 87171759 1
9 Q0 87172931 1
9 Q0 87186192 1
9 Q0 87191108 1
9 Q0 87202769 1
9 Q0 87206339 1
9 Q0 87214091 1
9 Q0 87214099 1
9 Q0 87216656 1
9 Q0 87216659 1
9 Q0 87216662 1
9 Q0 87216666 1
9 Q0 87239072 1
9 Q0 87243777 1
9 Q0 87245256 1
9 Q0 87256463 1
9 Q0 87258806 1
9 Q0 87263560 1
9 Q0 87267892 1
9 Q0 87276647 1
9 Q0 87296658 1
9 Q0 87312132 1
9 Q0 87314011 1
9 Q0 87314013 1
9 Q0 87316191 1
9 Q0 87316217 1
10 Q0 87106502 1
10 Q0 87116768 1
10 Q0 87153614 1
10 Q0 87158196 1
10 Q0 87158597 1
10 Q0 87202741 1
10 Q0 87226620 1
10 Q0 87227792 1
10 Q0 87256619 1
10 Q0 87267909 1
10 Q0 87285917 1
10 Q0 87301158 1
10 Q0 87323366 1
11 Q0 87051148 1
11 Q0 87060675 1
11 Q0 87100883 1
11 Q0 87116824 1
11 Q0 87116825 1
11 Q0 87139435 1
11 Q0 87159824 1
11 Q0 87186917 1
12 Q0 87058179 1
12 Q0 87060087 1
12 Q0 87060258 1
12 Q0 87061122 1
12 Q0 87067989 1
12 Q0 87068297 1
12 Q0 87068389 1
12 Q0 87068435 1
12 Q0 87073375 1
12 Q0 87074780 1
12 Q0 87077292 1
12 Q0 87077326 1
12 Q0 87077339 1
12 Q0 87079918 1
12 Q0 87086904 1
12 Q0 87088660 1
12 Q0 87092984 1
12 Q0 87097298 1
12 Q0 87098252 1
12 Q0 87098319 1
12 Q0 87098937 1
12 Q0 87099273 1
12 Q0 87103864 1
12 Q0 87110253 1
12 Q0 87110538 1
12 Q0 87113012 1
12 Q0 87115706 1
12 Q0 87120439 1
12 Q0 87124576 1
12 Q0 87124681 1
12 Q0 87124830 1
12 Q0 87124909 1
12 Q0 87126943 1
12 Q0 87127425 1
12 Q0 87129942 1
12 Q0 87132427 1
12 Q0 87132562 1
12 Q0 87138570 1
12 Q0 87138624 1
12 Q0 87139663 1
12 Q0 87139665 1
12 Q0 87141393 1
12 Q0 87141394 1
12 Q0 87141395 1
12 Q0 87145620 1
12 Q0 87146153 1
12 Q0 87146837 1
12 Q0 87147891 1
12 Q0 87147978 1
12 Q0 87147986 1
12 Q0 87147994 1
12 Q0 87155535 1
12 Q0 87155821 1
12 Q0 87158505 1
12 Q0 87161172 1
12 Q0 87169474 1
12 Q0 87169867 1
12 Q0 87171390 1
12 Q0 87171936 1
12 Q0 87175100 1
12 Q0 87176397 1
12 Q0 87178715 1
12 Q0 87179518 1
12 Q0 87181615 1
12 Q0 87181620 1
12 Q0 87181768 1
12 Q0 87184004 1
12 Q0 87186115 1
12 Q0 87186876 1
12 Q0 87189499 1
12 Q0 87191693 1
12 Q0 87197613 1
12 Q0 87197826 1
12 Q0 87198498 1
12 Q0 87198529 1
12 Q0 87198991 1
12 Q0 87200644 1
12 Q0 87202892 1
12 Q0 87203771 1
12 Q0 87206620 1
12 Q0 87206632 1
12 Q0 87207924 1
12 Q0 87209521 1
12 Q0 87209531 1
12 Q0 87209540 1
12 Q0 87209587 1
12 Q0 87211446 1
12 Q0 87212520 1
12 Q0 87212522 1
12 Q0 87214799 1
12 Q0 87216545 1
12 Q0 87225398 1
12 Q0 87230724 1
12 Q0 87233606 1
12 Q0 87234786 1
12 Q0 87234788 1
12 Q0 87234903 1
12 Q0 87238260 1
12 Q0 87238287 1
12 Q0 87238694 1
12 Q0 87238740 1
12 Q0 87239139 1
12 Q0 87239339 1
12 Q0 87240461 1
