BASELINE_1C
0.0894
0.3476
0.3995
0.6151
0.0906
0.4119
0.0952
0.0239
0.2042
0.0734
0.2689
0.0964
0.2071
0.0686
0.4237
0.1862
0.5214
0.1667
0.3819
0.1661
0.2832
0.0069
0.4984
0.2468
0.0700
0.6881
0.2976
0.0482
0.5418
0.1455
0.0962
0.0127
0.1055
0.0426
0.1473
0.0491
0.0216
0.4342
0.1448
0.0463
0.1379
0.0278
0.8561
0.1430
0.0006
0.0458
0.4228
0.2283
0.1310
0.3478
0.2431
0.0608
0.0717
0.3383
0.1708
0.0882
0.5283
1.0000
0.1204
0.0152
0.0279
0.0146
0.0000
0.2188
BASELINE_2C
0.1342
0.5021
0.6194
0.8151
0.1933
0.5489
0.1674
0.0320
0.1420
0.2124
0.3960
0.2988
0.3795
0.1942
0.6369
0.3631
0.2499
0.2173
0.6457
0.3901
0.6140
0.0673
0.3147
0.5218
0.0778
0.8566
0.0228
0.1022
0.5121
0.1338
0.0094
0.0200
0.1860
0.0736
0.2208
0.0212
0.0290
0.5356
0.2453
0.2896
0.1392
0.0047
0.6391
0.1587
0.0033
0.1794
0.4890
0.2669
0.1493
0.2506
0.2736
0.1241
0.1719
0.4930
0.2653
0.2982
0.5436
1.0000
0.1532
0.0408
0.0880
0.0184
0.0044
0.2817
BASELINE_3C
0.0776
0.5549
0.0407
0.8083
0.2065
0.1128
0.0001
0.1563
0.7854
0.3933
0.1444
0.0488
0.3168
0.4529
0.2837
0.1726
0.5136
0.0012
0.5726
0.0296
0.0843
0.1519
0.5817
0.0003
0.0109
0.6035
0.0166
0.2070
0.4529
0.0942
0.0081
0.0041
0.0359
0.0975
0.0408
0.0508
0.3240
0.3552
0.0458
0.1177
0.0857
0.0000
0.7454
0.1314
0.0361
0.2446
0.3104
0.2531
0.0959
0.5942
0.1659
0.1232
0.1202
0.0337
0.3235
0.3700
0.2135
0.6744
0.2336
0.0807
0.0018
0.2447
0.0020
0.2228
STOP1_1C
0.0896
0.3396
0.3970
0.6220
0.0935
0.4020
0.0958
0.0238
0.1992
0.0713
0.2647
0.1370
0.2067
0.0710
0.4306
0.1919
0.5214
0.1663
0.3819
0.1657
0.2896
0.0065
0.4976
0.2621
0.0701
0.6879
0.2955
0.0454
0.5409
0.1422
0.0962
0.0124
0.1098
0.0422
0.1484
0.0496
0.0216
0.4335
0.1469
0.0459
0.1375
0.0250
0.8561
0.1429
0.0006
0.0428
0.4247
0.2281
0.1328
0.3559
0.2408
0.0589
0.0724
0.3351
0.1705
0.0884
0.5273
1.0000
0.1202
0.0180
0.0283
0.0145
0.0000
0.2196
STOP1_2C
0.1389
0.5004
0.6164
0.8162
0.2147
0.5537
0.1680
0.0298
0.1463
0.2267
0.4052
0.2141
0.3860
0.2065
0.6369
0.3811
0.2515
0.2307
0.6458
0.3909
0.6025
0.0302
0.3268
0.4950
0.0797
0.8596
0.0228
0.1045
0.5115
0.1312
0.0093
0.0223
0.2107
0.0736
0.2354
0.0209
0.0280
0.5338
0.2478
0.2911
0.1646
0.0053
0.6375
0.1610
0.0031
0.1800
0.4870
0.2643
0.1515
0.2601
0.2719
0.1251
0.1829
0.4974
0.2607
0.3121
0.5312
1.0000
0.1020
0.0424
0.1040
0.0185
0.0044
0.2820
STOP1_3C
0.0784
0.5548
0.0409
0.8070
0.2069
0.1152
0.0001
0.1564
0.8187
0.3935
0.1446
0.0488
0.3187
0.4531
0.3129
0.1721
0.5162
0.0012
0.5727
0.0299
0.0843
0.1099
0.5562
0.0003
0.0113
0.6052
0.0166
0.2065
0.4412
0.0937
0.0080
0.0041
0.0352
0.0952
0.0400
0.0520
0.3263
0.3544
0.0466
0.1210
0.0878
0.0000
0.7454
0.1336
0.0361
0.2446
0.3069
0.2556
0.0962
0.5975
0.1643
0.1237
0.1254
0.0332
0.3034
0.3710
0.2089
0.6744
0.2314
0.0801
0.0018
0.2448
0.0020
0.2225
STOP2_1C
0.0899
0.3387
0.4057
0.6067
0.0908
0.4436
0.0923
0.0272
0.1959
0.0668
0.2840
0.1135
0.2086
0.1014
0.4431
0.2004
0.6276
0.1931
0.4112
0.1647
0.2833
0.0062
0.5286
0.2511
0.0707
0.6883
0.2955
0.0453
0.5553
0.1485
0.0699
0.0125
0.1129
0.0442
0.1471
0.0488
0.0213
0.4171
0.1620
0.0456
0.1391
0.0227
0.8856
0.1396
0.0006
0.0419
0.4300
0.2275
0.1372
0.3433
0.2510
0.0694
0.0733
0.3305
0.1675
0.0887
0.4528
1.0000
0.0436
0.0178
0.0278
0.0173
0.0000
0.2217
STOP2_2C
0.1391
0.4979
0.6129
0.8213
0.2168
0.5772
0.1666
0.0308
0.1442
0.2026
0.4127
0.2933
0.3827
0.2112
0.6994
0.3866
0.3758
0.2373
0.6335
0.3906
0.6153
0.0369
0.3558
0.4498
0.0798
0.8571
0.0218
0.1051
0.5148
0.1338
0.0092
0.0219
0.2308
0.0893
0.2323
0.0200
0.0281
0.5255
0.1743
0.3269
0.3558
0.0055
0.6401
0.1575
0.0033
0.1794
0.4887
0.2649
0.2107
0.2629
0.2734
0.1270
0.1997
0.5062
0.2592
0.3112
0.5315
1.0000
0.1295
0.0446
0.1070
0.0194
0.0045
0.2912
STOP2_3C
0.0784
0.5536
0.0409
0.8085
0.2026
0.1241
0.0002
0.1565
0.8187
0.3907
0.1484
0.0405
0.3230
0.4536
0.3135
0.1734
0.5149
0.0012
0.5729
0.0301
0.1580
0.1102
0.5599
0.0003
0.0115
0.5921
0.0165
0.2071
0.4612
0.0955
0.0080
0.0040
0.0359
0.0975
0.0443
0.0523
0.3249
0.3510
0.0352
0.1210
0.0923
0.0000
0.7524
0.1260
0.0361
0.2445
0.3333
0.2413
0.0954
0.5985
0.1637
0.1244
0.1237
0.0348
0.3041
0.3743
0.2096
0.6745
0.1907
0.0853
0.0018
0.2448
0.0020
0.2236
STOP3_1C
0.0172
0.3801
0.4919
0.6877
0.1011
0.4345
0.2381
0.0207
0.3564
0.2058
0.3102
0.1105
0.2374
0.4078
0.4787
0.2294
0.6360
0.2206
0.7486
0.1900
0.2706
0.0707
0.6234
0.2961
0.0697
0.6853
0.7500
0.1289
0.5589
0.1446
0.0962
0.0265
0.1318
0.0443
0.3782
0.0511
0.2248
0.5201
0.0469
0.2616
0.2713
0.0833
0.8415
0.1648
0.0018
0.0694
0.5270
0.2308
0.1351
0.3589
0.2711
0.0695
0.0743
0.3115
0.0994
0.0272
0.5261
1.0000
0.1023
0.2083
0.0285
0.0517
0.0003
0.2752
STOP3_2C
0.0968
0.5138
0.6645
0.8503
0.3053
0.5605
0.3667
0.0182
0.2480
0.3125
0.4439
0.2085
0.3498
0.4641
0.7276
0.3907
0.3903
0.2651
0.9821
0.4657
0.5043
0.2293
0.6381
0.4478
0.0794
0.8537
0.2159
0.1862
0.5368
0.1288
0.0098
0.0336
0.3312
0.0905
0.5136
0.0167
0.2976
0.6575
0.0976
0.6348
0.4058
0.0620
0.8320
0.1742
0.0124
0.2117
0.6793
0.2653
0.2105
0.2536
0.2441
0.1271
0.1714
0.5129
0.2246
0.3042
0.5793
1.0000
0.1476
0.1501
0.0291
0.2538
0.0049
0.3489
STOP3_3C
0.0297
0.5548
0.1059
0.8114
0.3924
0.1210
0.3191
0.1473
0.8187
0.2050
0.1528
0.0404
0.3394
0.3848
0.3374
0.1771
0.5176
0.0009
0.8806
0.0717
0.4125
0.2125
0.7194
0.2045
0.0114
0.6007
0.0524
0.2177
0.7787
0.0808
0.0085
0.0167
0.0954
0.0948
0.5193
0.0508
0.3650
0.4813
0.0418
0.4771
0.0933
0.0332
0.8311
0.1452
0.0220
0.2238
0.5173
0.2219
0.0963
0.6047
0.0255
0.1244
0.1263
0.0601
0.2848
0.2431
0.6185
1.0000
0.1959
0.0914
0.0053
0.4770
0.0022
0.2840
